2 241
S ES
40 200
39 201
38 202
37 203
36 204
35 205
34 206
33 207
32 208
31 209
30 210
29 211
28 212
27 213
26 214
25 215
24 216
23 217
22 218
21 219
20 220
19 221
18 222
17 223
16 224
15 225
14 226
13 227
12 228
11 229
10 230
9 231
8 232
7 233
6 234
5 235
4 236
3 237
2 238
1 239
0 240
41 199
42 198
43 197
44 196
45 195
46 194
47 193
48 192
49 191
50 190
51 189
52 188
53 187
54 186
55 185
56 184
57 183
58 182
59 181
60 180
61 179
62 178
63 177
64 176
65 175
66 174
67 173
68 172
69 171
70 170
71 169
72 168
73 167
74 166
75 165
76 164
77 163
78 162
79 161
80 160
81 159
82 158
83 157
84 156
85 155
86 154
87 153
88 152
89 151
90 150
91 149
92 148
93 147
94 146
95 145
96 144
97 143
98 142
99 141
100 140
101 139
102 138
103 137
104 136
105 135
106 134
107 133
108 132
109 131
110 130
111 129
112 128
113 127
114 126
115 125
116 124
117 123
118 122
119 121
120 120
121 119
122 118
123 117
124 116
125 115
126 114
127 113
128 112
129 111
130 110
131 109
132 108
133 107
134 106
135 105
136 104
137 103
138 102
139 101
140 100
141 99
142 98
143 97
144 96
145 95
146 94
147 93
148 92
149 91
150 90
151 89
152 88
153 87
154 86
155 85
156 84
157 83
158 82
159 81
160 80
161 79
162 78
163 77
164 76
165 75
166 74
167 73
168 72
169 71
170 70
171 69
172 68
173 67
174 66
175 65
176 64
177 63
178 62
179 61
180 60
181 59
182 58
183 57
184 56
185 55
186 54
187 53
188 52
189 51
190 50
191 49
192 48
193 47
194 46
195 45
196 44
197 43
198 42
199 41
200 40
201 39
202 38
203 37
204 36
205 35
206 34
207 33
208 32
209 31
210 30
211 29
212 28
213 27
214 26
215 25
216 24
217 23
218 22
219 21
220 20
221 19
222 18
223 17
224 16
225 15
226 14
227 13
228 12
229 11
230 10
231 9
232 8
233 7
234 6
235 5
236 4
237 3
238 2
239 1
240 0
