1
6.2947039375e-02
6.2947039279e-02
6.1373363207e-02
5.8304694966e-02
5.3931842773e-02
4.8538658435e-02
4.2471326081e-02
3.6100627128e-02
2.9783017349e-02
2.3826413856e-02
1.8465470721e-02
1.3849103028e-02
1.0040599687e-02
7.0284197754e-03
4.7441833449e-03
3.0837191720e-03
1.9273244813e-03
1.1563946881e-03
6.6492694525e-04
3.6570981970e-04
1.9199765525e-04
9.5998827579e-05
4.5599443081e-05
2.0519749379e-05
8.7208934828e-06
3.4883573920e-06
1.3081340216e-06
4.5784690744e-07
1.4880024488e-07
4.4640073455e-08
1.2276020198e-08
3.0690050489e-09
6.9052613590e-10
1.3810522716e-10
2.4168414751e-11
3.6252622123e-12
4.5315777651e-13
4.5315777649e-14
3.3986833236e-15
1.6993416618e-16
4.2483541544e-18
6.1411745831e-02
5.8487377076e-02
5.4406862484e-02
4.9460784156e-02
4.3965141542e-02
3.8230557925e-02
3.2536645095e-02
2.7113870956e-02
2.2133772244e-02
1.7707017824e-02
1.3887857139e-02
1.0682967047e-02
8.0626166525e-03
5.9723086411e-03
4.3434972005e-03
3.1024980054e-03
2.1771915862e-03
1.5015114412e-03
1.0179738601e-03
6.7864924114e-04
4.4501589655e-04
2.8710703049e-04
1.8229017838e-04
1.1393136167e-04
7.0111607297e-05
4.2491883279e-05
2.5368288565e-05
1.4922522710e-05
8.6507378166e-06
4.9432787603e-06
2.7849457849e-06
1.5471921052e-06
8.4777649738e-07
4.5825756689e-07
2.4440403607e-07
1.2863370340e-07
6.6822703173e-08
3.4268052964e-08
1.7350912921e-08
8.6754564746e-09
4.2841760437e-09
2.0898419759e-09
1.0071527611e-09
4.7959655368e-10
2.2569249621e-10
1.0497325422e-10
4.8263565237e-11
2.1937984234e-11
9.8597682109e-12
4.3821192119e-12
1.9262062501e-12
8.3748097965e-13
3.6020687355e-13
1.5327952090e-13
6.4538745748e-14
2.6891144105e-14
1.1089131608e-14
4.5261761736e-15
1.8287580529e-15
7.3150322234e-16
2.8970424694e-16
1.1360950879e-16
4.4120197658e-17
1.6969306819e-17
6.4644978461e-18
2.4394331534e-18
9.1193762891e-19
3.3775467792e-19
1.2394667099e-19
4.5071516798e-20
1.6241988061e-20
5.8007100313e-21
2.0533486869e-21
7.2047322465e-22
2.5059938289e-22
8.6413580446e-23
2.9543104474e-23
1.0014611702e-23
3.3662560397e-24
1.1220853484e-24
3.7093730585e-25
1.2161878900e-25
3.9550825754e-26
1.2758330909e-26
4.0826658975e-27
1.2960844140e-27
4.0821556412e-28
1.2756736399e-28
3.9555771844e-29
1.2171006741e-29
3.7163379421e-30
1.1261630146e-30
3.3869564403e-31
1.0110317748e-31
2.9956497081e-32
8.8107344496e-33
2.5724772157e-33
7.4564557097e-34
2.1457426537e-34
6.1306933063e-35
1.7392037776e-35
4.8991655787e-36
1.3703959683e-36
3.8066554735e-37
1.0501118565e-37
2.8770187895e-38
7.8286225689e-39
2.1158439410e-39
5.6801179715e-40
1.5146981282e-40
4.0124453791e-41
1.0559066804e-41
2.7605403454e-42
7.1702346748e-43
1.8503831449e-43
4.7445721740e-44
1.2088081991e-44
3.0602739268e-45
7.6988023440e-46
1.9247005891e-46
4.7818648253e-47
1.1807073662e-47
2.8974413941e-48
7.0669302408e-49
1.7131952126e-49
4.1281812419e-50
9.8878592780e-51
2.3542522128e-51
5.5721945956e-52
1.3111046128e-52
3.0669113800e-53
7.1323520580e-54
1.6490987444e-54
3.7910316024e-55
8.6652151051e-56
1.9693670725e-56
4.4505470637e-57
1.0001229373e-57
2.2349115953e-58
4.9664702197e-59
1.0975624813e-59
2.4122252374e-60
5.2726234783e-61
1.1462224971e-61
2.4783189167e-62
5.3297181090e-63
1.1400466562e-63
2.4256311872e-64
5.1336109865e-65
1.0807602094e-65
2.2633721700e-66
4.7153586951e-67
9.7727641506e-68
2.0150029209e-68
4.1333393316e-69
8.4353864046e-70
1.7127688159e-70
3.4601390275e-71
6.9550533328e-72
1.3910106688e-72
2.7681804399e-73
5.4815454344e-74
1.0801074765e-74
2.1178578005e-75
4.1324054709e-76
8.0240883060e-77
1.5505484674e-77
2.9818239806e-78
5.7068401635e-79
1.0870171757e-79
2.0606960711e-80
3.8881058008e-81
7.3016071493e-82
1.3647863853e-82
2.5391374650e-83
4.7021064243e-84
8.6674772937e-85
1.5903628088e-85
2.9047722581e-86
5.2814041141e-87
9.5591024844e-88
1.7223608108e-88
3.0894364369e-89
5.5168507890e-90
9.8077347518e-91
1.7358822597e-91
3.0588233701e-92
5.3663567983e-93
9.3735490078e-94
1.6301824388e-94
2.8228267383e-95
4.8669426601e-96
8.3552663828e-97
1.4282506660e-97
2.4310649674e-98
4.1204491038e-99
6.9543444902e-100
1.1687973951e-100
1.9561462706e-101
3.2602437844e-102
