1
  4.82088922765013320E-003
  4.82088922765013320E-003
  4.82088922765013320E-003
  4.82088922765013320E-003
  4.82088922765013406E-003
  4.82088922765013233E-003
  4.82088922765013233E-003
  4.82088922765013059E-003
  4.82088922765012192E-003
  4.82088922765007075E-003
  4.82088922764977498E-003
  4.82088922764811745E-003
  4.82088922763919576E-003
  4.82088922759276242E-003
  4.82088922735940568E-003
  4.82088922622856721E-003
  4.82088922095156528E-003
  4.82088919727378679E-003
  4.82088909528182938E-003
  4.82088867425717327E-003
  4.82088701182485906E-003
  4.82088074601766219E-003
  4.82085825439525478E-003
  4.82078155567000795E-003
  4.82053377101246405E-003
  4.81977774438040879E-003
  4.81760668931880374E-003
  4.81176180583440648E-003
  4.79707532797991974E-003
  4.76280843185618828E-003
  4.68900615249171794E-003
  4.54330055999373900E-003
  4.28178954744895882E-003
  3.85936781566243760E-003
  3.25284100824729935E-003
  2.49082902383139168E-003
  1.67023790361631869E-003
  9.33843332022655311E-004
  4.05173740832842329E-004
  1.20518393587468403E-004
  1.83390512462240189E-005
  4.82088922765013320E-003
  4.82088922765013406E-003
  4.82088922765013320E-003
  4.82088922765013320E-003
  4.82088922765013320E-003
  4.82088922765013406E-003
  4.82088922765013406E-003
  4.82088922765013320E-003
  4.82088922765013320E-003
  4.82088922765013233E-003
  4.82088922765013233E-003
  4.82088922765013320E-003
  4.82088922765013233E-003
  4.82088922765013233E-003
  4.82088922765013320E-003
  4.82088922765013233E-003
  4.82088922765013406E-003
  4.82088922765013233E-003
  4.82088922765013406E-003
  4.82088922765013320E-003
  4.82088922765013406E-003
  4.82088922765013320E-003
  4.82088922765013406E-003
  4.82088922765013320E-003
  4.82088922765013406E-003
  4.82088922765013493E-003
  4.82088922765013406E-003
  4.82088922765013493E-003
  4.82088922765013493E-003
  4.82088922765013580E-003
  4.82088922765013493E-003
  4.82088922765013753E-003
  4.82088922765013667E-003
  4.82088922765013667E-003
  4.82088922765013320E-003
  4.82088922765013320E-003
  4.82088922765013406E-003
  4.82088922765013320E-003
  4.82088922765013320E-003
  4.82088922765013233E-003
  4.82088922765013320E-003
  4.82088922765013406E-003
  4.82088922765013233E-003
  4.82088922765013320E-003
  4.82088922765013320E-003
  4.82088922765013320E-003
  4.82088922765013320E-003
  4.82088922765013233E-003
  4.82088922765013146E-003
  4.82088922765013233E-003
  4.82088922765013146E-003
  4.82088922765013320E-003
  4.82088922765013320E-003
  4.82088922765013233E-003
  4.82088922765013406E-003
  4.82088922765013320E-003
  4.82088922765013406E-003
  4.82088922765013233E-003
  4.82088922765013320E-003
  4.82088922765013320E-003
  4.82088922765013406E-003
  4.82088922765013493E-003
  4.82088922765013493E-003
  4.82088922765013580E-003
  4.82088922765013406E-003
  4.82088922765013580E-003
  4.82088922765013493E-003
  4.82088922765013406E-003
  4.82088922765013406E-003
  4.82088922765013320E-003
  4.82088922765013406E-003
  4.82088922765013406E-003
  4.82088922765013493E-003
  4.82088922765013406E-003
  4.82088922765013406E-003
  4.82088922765013320E-003
  4.82088922765013493E-003
  4.82088922765013320E-003
  4.82088922765013233E-003
  4.82088922765013406E-003
  4.82088922765013320E-003
  4.82088922765013406E-003
  4.82088922765013406E-003
  4.82088922765013493E-003
  4.82088922765013406E-003
  4.82088922765013320E-003
  4.82088922765013493E-003
  4.82088922765013493E-003
  4.82088922765013667E-003
  4.82088922765013493E-003
  4.82088922765013406E-003
  4.82088922765013320E-003
  4.82088922765013406E-003
  4.82088922765013320E-003
  4.82088922765013320E-003
  4.82088922765013320E-003
  4.82088922765013406E-003
  4.82088922765013580E-003
  4.82088922765013493E-003
  4.82088922765013320E-003
  4.82088922765013406E-003
  4.82088922765013406E-003
  4.82088922765013493E-003
  4.82088922765013320E-003
  4.82088922765013493E-003
  4.82088922765013320E-003
  4.82088922765013667E-003
  4.82088922765013667E-003
  4.82088922765013753E-003
  4.82088922765013753E-003
  4.82088922765013840E-003
  4.82088922765013840E-003
  4.82088922765013753E-003
  4.82088922765014014E-003
  4.82088922765013840E-003
  4.82088922765013580E-003
  4.82088922765013667E-003
  4.82088922765013493E-003
  4.82088922765013493E-003
  4.82088922765013320E-003
  4.82088922765012973E-003
  4.82088922765012539E-003
  4.82088922765010631E-003
  4.82088922765005080E-003
  4.82088922764987993E-003
  4.82088922764937946E-003
  4.82088922764794224E-003
  4.82088922764387084E-003
  4.82088922763255785E-003
  4.82088922760171967E-003
  4.82088922751922316E-003
  4.82088922730263773E-003
  4.82088922674474285E-003
  4.82088922533492961E-003
  4.82088922184033958E-003
  4.82088921334467360E-003
  4.82088919309107706E-003
  4.82088914574895031E-003
  4.82088903726428201E-003
  4.82088879359745572E-003
  4.82088825723027328E-003
  4.82088710033531410E-003
  4.82088465568029749E-003
  4.82087959560602210E-003
  4.82086933830084847E-003
  4.82084897886343212E-003
  4.82080941752567865E-003
  4.82073417507471094E-003
  4.82059413473640182E-003
  4.82033912871108940E-003
  4.81988491431788353E-003
  4.81909371159265371E-003
  4.81774620322117982E-003
  4.81550289268348804E-003
  4.81185320327325115E-003
  4.80605194461972834E-003
  4.79704502335415346E-003
  4.78338966762983757E-003
  4.76317886820030924E-003
  4.73398473279692047E-003
  4.69284005567212510E-003
  4.63628020896176586E-003
  4.56046677267577059E-003
  4.46140854064678866E-003
  4.33528373176530601E-003
  4.17884973119072873E-003
  3.98990555796308304E-003
  3.76775140065516026E-003
  3.51357419981270739E-003
  3.23068378815674108E-003
  2.92453452988224475E-003
  2.60249372615403620E-003
  2.27335721448868695E-003
  1.94665749241950455E-003
  1.63185056168977803E-003
  1.33749450852131929E-003
  1.07053825889248688E-003
  8.35820664358742204E-004
  6.35841797187010251E-004
  4.70818946767828542E-004
  3.38990873933697496E-004
  2.37096320497552117E-004
  1.60933860773338199E-004
  1.05911821539233380E-004
  6.75157759624254382E-005
  4.16499612878599824E-005
  2.48396491744674580E-005
  1.43070500946917365E-005
  7.94964641904298270E-006
  4.25605992329935690E-006
  2.19242045189632405E-006
  1.08486902241137706E-006
  5.14609080321321126E-007
  2.33380785768091467E-007
  1.00819819835816488E-007
  4.12651490116331410E-008
  1.58666168833366991E-008
  5.64701928763714343E-009
  1.80621631224767730E-009
  4.82458563485689783E-010
