1
  4.94293061948300819E-003
  4.94293061948300905E-003
  4.94293061948300732E-003
  4.94293061948300819E-003
  4.94293061948300819E-003
  4.94293061948300558E-003
  4.94293061948299257E-003
  4.94293061948291451E-003
  4.94293061948249644E-003
  4.94293061948036273E-003
  4.94293061946971500E-003
  4.94293061941831775E-003
  4.94293061917820253E-003
  4.94293061809387198E-003
  4.94293061336595514E-003
  4.94293059348751250E-003
  4.94293051300447300E-003
  4.94293019968090018E-003
  4.94292902869139950E-003
  4.94292483468075725E-003
  4.94291046652922325E-003
  4.94286348048479391E-003
  4.94271714570063570E-003
  4.94228418361902181E-003
  4.94107059621918827E-003
  4.93785790733425149E-003
  4.92985334955083239E-003
  4.91115611854662636E-003
  4.87039425600472534E-003
  4.78787675577151042E-003
  4.63367972897797513E-003
  4.36954994534375675E-003
  3.95824297804481164E-003
  3.38179878792408892E-003
  2.66368057075553819E-003
  1.88089524680913741E-003
  1.14951602889165269E-003
  5.80058537335706253E-004
  2.25351346598134570E-004
  5.96446963741220361E-005
  8.03650677344295498E-006
  4.94293061948300905E-003
  4.94293061948300992E-003
  4.94293061948300819E-003
  4.94293061948300819E-003
  4.94293061948300905E-003
  4.94293061948300992E-003
  4.94293061948300819E-003
  4.94293061948300905E-003
  4.94293061948300905E-003
  4.94293061948300732E-003
  4.94293061948300905E-003
  4.94293061948300819E-003
  4.94293061948300819E-003
  4.94293061948300732E-003
  4.94293061948300992E-003
  4.94293061948300992E-003
  4.94293061948300905E-003
  4.94293061948300905E-003
  4.94293061948300905E-003
  4.94293061948300905E-003
  4.94293061948300992E-003
  4.94293061948300905E-003
  4.94293061948300905E-003
  4.94293061948300905E-003
  4.94293061948300992E-003
  4.94293061948301079E-003
  4.94293061948300992E-003
  4.94293061948301166E-003
  4.94293061948301079E-003
  4.94293061948301252E-003
  4.94293061948301426E-003
  4.94293061948301426E-003
  4.94293061948301426E-003
  4.94293061948301166E-003
  4.94293061948301079E-003
  4.94293061948300992E-003
  4.94293061948300992E-003
  4.94293061948300992E-003
  4.94293061948300905E-003
  4.94293061948300905E-003
  4.94293061948300905E-003
  4.94293061948301166E-003
  4.94293061948300905E-003
  4.94293061948300992E-003
  4.94293061948300992E-003
  4.94293061948300819E-003
  4.94293061948300905E-003
  4.94293061948300819E-003
  4.94293061948300905E-003
  4.94293061948300905E-003
  4.94293061948300992E-003
  4.94293061948300992E-003
  4.94293061948300905E-003
  4.94293061948300992E-003
  4.94293061948300992E-003
  4.94293061948300992E-003
  4.94293061948300992E-003
  4.94293061948300992E-003
  4.94293061948300905E-003
  4.94293061948300992E-003
  4.94293061948301079E-003
  4.94293061948301252E-003
  4.94293061948301079E-003
  4.94293061948301079E-003
  4.94293061948301166E-003
  4.94293061948301252E-003
  4.94293061948301079E-003
  4.94293061948301166E-003
  4.94293061948300992E-003
  4.94293061948301166E-003
  4.94293061948301166E-003
  4.94293061948301079E-003
  4.94293061948301079E-003
  4.94293061948300992E-003
  4.94293061948301166E-003
  4.94293061948300992E-003
  4.94293061948301079E-003
  4.94293061948300905E-003
  4.94293061948300992E-003
  4.94293061948300905E-003
  4.94293061948300905E-003
  4.94293061948301079E-003
  4.94293061948301252E-003
  4.94293061948301166E-003
  4.94293061948301166E-003
  4.94293061948301079E-003
  4.94293061948301166E-003
  4.94293061948301166E-003
  4.94293061948301252E-003
  4.94293061948301079E-003
  4.94293061948300992E-003
  4.94293061948301079E-003
  4.94293061948300992E-003
  4.94293061948301079E-003
  4.94293061948300992E-003
  4.94293061948300992E-003
  4.94293061948301166E-003
  4.94293061948301166E-003
  4.94293061948300992E-003
  4.94293061948301166E-003
  4.94293061948300992E-003
  4.94293061948301079E-003
  4.94293061948301166E-003
  4.94293061948301166E-003
  4.94293061948301339E-003
  4.94293061948301166E-003
  4.94293061948301513E-003
  4.94293061948301426E-003
  4.94293061948301513E-003
  4.94293061948301599E-003
  4.94293061948301513E-003
  4.94293061948301513E-003
  4.94293061948301339E-003
  4.94293061948301079E-003
  4.94293061948300472E-003
  4.94293061948299257E-003
  4.94293061948295268E-003
  4.94293061948284252E-003
  4.94293061948252593E-003
  4.94293061948164209E-003
  4.94293061947921261E-003
  4.94293061947265883E-003
  4.94293061945526996E-003
  4.94293061940994597E-003
  4.94293061929390598E-003
  4.94293061900211335E-003
  4.94293061828147799E-003
  4.94293061653371980E-003
  4.94293061237143470E-003
  4.94293060263903752E-003
  4.94293058029817486E-003
  4.94293052995690638E-003
  4.94293041861890766E-003
  4.94293017695761252E-003
  4.94292966224704755E-003
  4.94292858662998338E-003
  4.94292638149262508E-003
  4.94292194703911062E-003
  4.94291320097716477E-003
  4.94289628516787153E-003
  4.94286420631070717E-003
  4.94280456774308635E-003
  4.94269588708241749E-003
  4.94250178651968550E-003
  4.94216209741442803E-003
  4.94157966481968865E-003
  4.94060142365055407E-003
  4.93899223335848327E-003
  4.93640012569317860E-003
  4.93231219312320439E-003
  4.92600148283443319E-003
  4.91646708610481500E-003
  4.90237215098086269E-003
  4.88198765282181306E-003
  4.85315305042521503E-003
  4.81326778234015835E-003
  4.75932902704975878E-003
  4.68803025630097191E-003
  4.59593095943813985E-003
  4.47970003084579953E-003
  4.33642394939770699E-003
  4.16395726134941632E-003
  3.96127922893555178E-003
  3.72880979230072853E-003
  3.46863335650009815E-003
  3.18458288428851528E-003
  2.88215041771609955E-003
  2.56821245157921050E-003
  2.25058627880191098E-003
  1.93746147235121968E-003
  1.63677326991727061E-003
  1.35559666334756279E-003
  1.09963839035517874E-003
  8.72888681900284877E-004
  6.77468562333362789E-004
  5.13677174901245215E-004
  3.80213490372187477E-004
  2.74523719836184191E-004
  1.93213643757902964E-004
  1.32464946842379347E-004
  8.84048251639213661E-005
  5.73949447410314787E-005
  3.62248229807650291E-005
  2.22118263760029812E-005
  1.32224579514459210E-005
  7.63631399113929678E-006
  4.27538751715519518E-006
  2.31866444442033683E-006
  1.21698115492501121E-006
  6.17549137660458337E-007
  3.02607528158527206E-007
  1.42978441704713184E-007
  6.50175597597453768E-008
  2.83840990294247563E-008
  1.18544506297495089E-008
  4.71176951207728321E-009
  1.76751222794705708E-009
  6.16692922976146883E-010
  1.94356499534338064E-010
  5.14435815378073255E-011
