1
  5.32790657366306614E-003
  5.32790657366299589E-003
  5.32790657366267930E-003
  5.32790657366128111E-003
  5.32790657365527724E-003
  5.32790657363017405E-003
  5.32790657352802746E-003
  5.32790657312396353E-003
  5.32790657157127239E-003
  5.32790656578024935E-003
  5.32790654483615046E-003
  5.32790647145578965E-003
  5.32790622265169166E-003
  5.32790540717425782E-003
  5.32790282654032731E-003
  5.32789495161234677E-003
  5.32787181091927409E-003
  5.32780642672229555E-003
  5.32762907293808565E-003
  5.32716804768068163E-003
  5.32602173308204495E-003
  5.32330104006766610E-003
  5.31715116971062749E-003
  5.30394502703003534E-003
  5.27707890928882754E-003
  5.22545982944507513E-003
  5.13211577414416243E-003
  4.97386918889905581E-003
  4.72347813596116044E-003
  4.35558762832394773E-003
  3.85663851890285852E-003
  3.23633340663344532E-003
  2.53526275990772435E-003
  1.82214587955182661E-003
  1.17737245742339483E-003
  6.67265096108007514E-004
  3.21350199754608286E-004
  1.25873187473263129E-004
  3.75017117530543882E-005
  7.53840188674874321E-006
  7.65477849685352280E-007
  5.32790657366308262E-003
  5.32790657366308436E-003
  5.32790657366308436E-003
  5.32790657366308436E-003
  5.32790657366308696E-003
  5.32790657366308523E-003
  5.32790657366308523E-003
  5.32790657366308436E-003
  5.32790657366308523E-003
  5.32790657366308436E-003
  5.32790657366308436E-003
  5.32790657366308609E-003
  5.32790657366308436E-003
  5.32790657366308523E-003
  5.32790657366308523E-003
  5.32790657366308523E-003
  5.32790657366308523E-003
  5.32790657366308523E-003
  5.32790657366308523E-003
  5.32790657366308523E-003
  5.32790657366308523E-003
  5.32790657366308783E-003
  5.32790657366308696E-003
  5.32790657366308783E-003
  5.32790657366308869E-003
  5.32790657366309043E-003
  5.32790657366309043E-003
  5.32790657366308869E-003
  5.32790657366308869E-003
  5.32790657366308869E-003
  5.32790657366308783E-003
  5.32790657366308783E-003
  5.32790657366308696E-003
  5.32790657366308783E-003
  5.32790657366308869E-003
  5.32790657366308783E-003
  5.32790657366308696E-003
  5.32790657366308609E-003
  5.32790657366308609E-003
  5.32790657366308696E-003
  5.32790657366308783E-003
  5.32790657366308696E-003
  5.32790657366308696E-003
  5.32790657366308523E-003
  5.32790657366308523E-003
  5.32790657366308609E-003
  5.32790657366308696E-003
  5.32790657366308523E-003
  5.32790657366308783E-003
  5.32790657366308696E-003
  5.32790657366308869E-003
  5.32790657366308869E-003
  5.32790657366308783E-003
  5.32790657366308869E-003
  5.32790657366308696E-003
  5.32790657366308869E-003
  5.32790657366308696E-003
  5.32790657366308869E-003
  5.32790657366308869E-003
  5.32790657366308956E-003
  5.32790657366308956E-003
  5.32790657366309216E-003
  5.32790657366309043E-003
  5.32790657366308869E-003
  5.32790657366308869E-003
  5.32790657366309043E-003
  5.32790657366308956E-003
  5.32790657366308783E-003
  5.32790657366308783E-003
  5.32790657366308783E-003
  5.32790657366308523E-003
  5.32790657366308696E-003
  5.32790657366308696E-003
  5.32790657366308696E-003
  5.32790657366308783E-003
  5.32790657366308956E-003
  5.32790657366308783E-003
  5.32790657366308783E-003
  5.32790657366308783E-003
  5.32790657366309043E-003
  5.32790657366308869E-003
  5.32790657366309043E-003
  5.32790657366308956E-003
  5.32790657366308869E-003
  5.32790657366308783E-003
  5.32790657366308696E-003
  5.32790657366308869E-003
  5.32790657366308869E-003
  5.32790657366308783E-003
  5.32790657366308956E-003
  5.32790657366308869E-003
  5.32790657366309043E-003
  5.32790657366309130E-003
  5.32790657366309043E-003
  5.32790657366309043E-003
  5.32790657366309043E-003
  5.32790657366308869E-003
  5.32790657366307829E-003
  5.32790657366305400E-003
  5.32790657366298461E-003
  5.32790657366280420E-003
  5.32790657366232975E-003
  5.32790657366110417E-003
  5.32790657365798427E-003
  5.32790657365017715E-003
  5.32790657363094774E-003
  5.32790657358433919E-003
  5.32790657347317290E-003
  5.32790657321228611E-003
  5.32790657260984613E-003
  5.32790657124111548E-003
  5.32790656818155073E-003
  5.32790656145301893E-003
  5.32790654689569831E-003
  5.32790651591259420E-003
  5.32790645104444169E-003
  5.32790631745222627E-003
  5.32790604683650460E-003
  5.32790550766670812E-003
  5.32790445114993128E-003
  5.32790241512827098E-003
  5.32789855661854050E-003
  5.32789136604939345E-003
  5.32787818992013374E-003
  5.32785445067090416E-003
  5.32781239994522225E-003
  5.32773917156939818E-003
  5.32761381246288010E-003
  5.32740286548183568E-003
  5.32705396528890436E-003
  5.32648680179816873E-003
  5.32558073057160398E-003
  5.32415830210407944E-003
  5.32196408944073107E-003
  5.31863847042710752E-003
  5.31368652074246800E-003
  5.30644293671806225E-003
  5.29603494182347579E-003
  5.28134639588487796E-003
  5.26098771087675412E-003
  5.23327749095016132E-003
  5.19624279006586365E-003
  5.14764519795851694E-003
  5.08503929805494224E-003
  5.00586812640998156E-003
  4.90759698080333543E-003
  4.78788238984117001E-003
  4.64476763716961758E-003
  4.47689061448002835E-003
  4.28368484490616614E-003
  4.06555127227121831E-003
  3.82397776519915805E-003
  3.56158586062265466E-003
  3.28209021141790064E-003
  2.99016505427329368E-003
  2.69122272346874157E-003
  2.39112028139632339E-003
  2.09581997605512655E-003
  1.81103583597517050E-003
  1.54190108074595618E-003
  1.29268866677270449E-003
  1.06661052994447151E-003
  8.65711025849207018E-004
  6.90858354292375634E-004
  5.41826262444532495E-004
  4.17448781352855794E-004
  3.15824433523621546E-004
  2.34543861602861547E-004
  1.70916066390273258E-004
  1.22172695622280354E-004
  8.56359881911250955E-005
  5.88428152787814123E-005
  3.96236494411886288E-005
  2.61404102404804180E-005
  1.68905390116490005E-005
  1.06862809468202030E-005
  6.61823351584613523E-006
  4.01117144926169496E-006
  2.37845529919946813E-006
  1.37940884258046403E-006
  7.82243837181855847E-007
  4.33625643828576440E-007
  2.34897056654967307E-007
  1.24304600668371178E-007
  6.42375222890180003E-008
  3.24048952781891260E-008
  1.59499208741274019E-008
  7.65610274678304797E-009
  3.58172008958246994E-009
  1.63186950344312577E-009
  7.23406155265888338E-010
  3.11642312431719274E-010
  1.30258574709830659E-010
  5.27059016482677634E-011
  2.05782171006547618E-011
  7.71449075933748234E-012
  2.75467573926597133E-012
  9.23655092047485715E-013
  2.82588745554544582E-013
  7.34368056117022228E-014
