1
  4.58577168559933662E-003
  4.58577168559933575E-003
  4.58577168559933749E-003
  4.58577168559933662E-003
  4.58577168559933749E-003
  4.58577168559933662E-003
  4.58577168559933662E-003
  4.58577168559933662E-003
  4.58577168559933662E-003
  4.58577168559933662E-003
  4.58577168559933575E-003
  4.58577168559933662E-003
  4.58577168559933575E-003
  4.58577168559933055E-003
  4.58577168559928805E-003
  4.58577168559897407E-003
  4.58577168559683168E-003
  4.58577168558276307E-003
  4.58577168549407187E-003
  4.58577168495817762E-003
  4.58577168186093294E-003
  4.58577166477381996E-003
  4.58577157499531068E-003
  4.58577112686967946E-003
  4.58576900779587154E-003
  4.58575954392520958E-003
  4.58571976412743693E-003
  4.58556300688256219E-003
  4.58498646687519745E-003
  4.58301746289771147E-003
  4.57681017867891775E-003
  4.55887242284107926E-003
  4.51174844966899941E-003
  4.40032972032300320E-003
  4.16616472175644539E-003
  3.73554510316904086E-003
  3.05678101906171375E-003
  2.16519623056283909E-003
  1.22828933911701423E-003
  4.89889692867509973E-004
  1.01922263332797141E-004
  4.58577168559933662E-003
  4.58577168559933749E-003
  4.58577168559933749E-003
  4.58577168559933662E-003
  4.58577168559933575E-003
  4.58577168559933575E-003
  4.58577168559933575E-003
  4.58577168559933662E-003
  4.58577168559933575E-003
  4.58577168559933749E-003
  4.58577168559933575E-003
  4.58577168559933662E-003
  4.58577168559933575E-003
  4.58577168559933489E-003
  4.58577168559933749E-003
  4.58577168559933662E-003
  4.58577168559933749E-003
  4.58577168559933575E-003
  4.58577168559933662E-003
  4.58577168559933662E-003
  4.58577168559933836E-003
  4.58577168559933749E-003
  4.58577168559933836E-003
  4.58577168559933662E-003
  4.58577168559933662E-003
  4.58577168559933749E-003
  4.58577168559933749E-003
  4.58577168559933836E-003
  4.58577168559933749E-003
  4.58577168559933836E-003
  4.58577168559933749E-003
  4.58577168559933749E-003
  4.58577168559933662E-003
  4.58577168559933836E-003
  4.58577168559933749E-003
  4.58577168559933749E-003
  4.58577168559933749E-003
  4.58577168559933749E-003
  4.58577168559933662E-003
  4.58577168559933749E-003
  4.58577168559933662E-003
  4.58577168559933575E-003
  4.58577168559933489E-003
  4.58577168559933489E-003
  4.58577168559933662E-003
  4.58577168559933662E-003
  4.58577168559933662E-003
  4.58577168559933662E-003
  4.58577168559933662E-003
  4.58577168559933575E-003
  4.58577168559933662E-003
  4.58577168559933575E-003
  4.58577168559933575E-003
  4.58577168559933315E-003
  4.58577168559933489E-003
  4.58577168559933575E-003
  4.58577168559933662E-003
  4.58577168559933575E-003
  4.58577168559933749E-003
  4.58577168559933662E-003
  4.58577168559933662E-003
  4.58577168559933836E-003
  4.58577168559933749E-003
  4.58577168559933749E-003
  4.58577168559933749E-003
  4.58577168559933749E-003
  4.58577168559933749E-003
  4.58577168559933749E-003
  4.58577168559933662E-003
  4.58577168559933749E-003
  4.58577168559933749E-003
  4.58577168559933836E-003
  4.58577168559933662E-003
  4.58577168559933662E-003
  4.58577168559933575E-003
  4.58577168559933489E-003
  4.58577168559933575E-003
  4.58577168559933575E-003
  4.58577168559933662E-003
  4.58577168559933749E-003
  4.58577168559933749E-003
  4.58577168559933749E-003
  4.58577168559933749E-003
  4.58577168559933662E-003
  4.58577168559933489E-003
  4.58577168559933575E-003
  4.58577168559933749E-003
  4.58577168559933662E-003
  4.58577168559933836E-003
  4.58577168559933662E-003
  4.58577168559933749E-003
  4.58577168559933836E-003
  4.58577168559933836E-003
  4.58577168559933575E-003
  4.58577168559933662E-003
  4.58577168559933662E-003
  4.58577168559933836E-003
  4.58577168559933749E-003
  4.58577168559933749E-003
  4.58577168559933922E-003
  4.58577168559933749E-003
  4.58577168559933662E-003
  4.58577168559933662E-003
  4.58577168559933575E-003
  4.58577168559933575E-003
  4.58577168559933749E-003
  4.58577168559933662E-003
  4.58577168559933749E-003
  4.58577168559933836E-003
  4.58577168559933836E-003
  4.58577168559933749E-003
  4.58577168559933749E-003
  4.58577168559933749E-003
  4.58577168559933749E-003
  4.58577168559934009E-003
  4.58577168559933836E-003
  4.58577168559934009E-003
  4.58577168559934009E-003
  4.58577168559934009E-003
  4.58577168559934009E-003
  4.58577168559933749E-003
  4.58577168559933749E-003
  4.58577168559933749E-003
  4.58577168559933922E-003
  4.58577168559933836E-003
  4.58577168559933749E-003
  4.58577168559933922E-003
  4.58577168559933749E-003
  4.58577168559933749E-003
  4.58577168559933922E-003
  4.58577168559933662E-003
  4.58577168559933662E-003
  4.58577168559933575E-003
  4.58577168559933836E-003
  4.58577168559933489E-003
  4.58577168559933402E-003
  4.58577168559933055E-003
  4.58577168559931234E-003
  4.58577168559924902E-003
  4.58577168559903738E-003
  4.58577168559834176E-003
  4.58577168559610397E-003
  4.58577168558905231E-003
  4.58577168556729628E-003
  4.58577168550163873E-003
  4.58577168530780680E-003
  4.58577168474821450E-003
  4.58577168316873923E-003
  4.58577167881117197E-003
  4.58577166706361505E-003
  4.58577163612478023E-003
  4.58577155654742337E-003
  4.58577135671029128E-003
  4.58577086689667193E-003
  4.58576969546887342E-003
  4.58576696279996889E-003
  4.58576074700431466E-003
  4.58574696569755136E-003
  4.58571719370978129E-003
  4.58565454925710572E-003
  4.58552621522022134E-003
  4.58527035319919712E-003
  4.58477411787093243E-003
  4.58383829622337723E-003
  4.58212307603894902E-003
  4.57906915599425469E-003
  4.57378972128680283E-003
  4.56493283436386951E-003
  4.55052160125158159E-003
  4.52779156917874036E-003
  4.49306036281515216E-003
  4.44168064657905152E-003
  4.36813869411291095E-003
  4.26635978523621541E-003
  4.13026091174585434E-003
  3.95454663350546312E-003
  3.73567819047163031E-003
  3.47287172392566311E-003
  3.16892063212213110E-003
  2.83061591000861651E-003
  2.46857788717468789E-003
  2.09641812903886299E-003
  1.72930299181638342E-003
  1.38214960538027179E-003
  1.06779929534435501E-003
  7.95539447504387768E-004
  5.70266724936387549E-004
  3.92423275944975454E-004
  2.58644755045745964E-004
  1.62897091328485989E-004
  9.77963703986489100E-005
  5.58190994888537961E-005
  3.01993036538204042E-005
  1.54320582465221522E-005
  7.41498990809570495E-006
  3.32953196133522033E-006
  1.38428654414456769E-006
  5.24665340922884201E-007
  1.75846123667321773E-007
  4.83387168927782676E-008
