1
  4.25441981110468402E-003
  4.25441981110468315E-003
  4.25441981110468315E-003
  4.25441981110468315E-003
  4.25441981110468489E-003
  4.25441981110468402E-003
  4.25441981110468315E-003
  4.25441981110468402E-003
  4.25441981110468315E-003
  4.25441981110468402E-003
  4.25441981110468315E-003
  4.25441981110468315E-003
  4.25441981110468402E-003
  4.25441981110468315E-003
  4.25441981110468402E-003
  4.25441981110468315E-003
  4.25441981110468315E-003
  4.25441981110468402E-003
  4.25441981110468402E-003
  4.25441981110468489E-003
  4.25441981110468402E-003
  4.25441981110468315E-003
  4.25441981110468315E-003
  4.25441981110468315E-003
  4.25441981110467882E-003
  4.25441981110461723E-003
  4.25441981110361109E-003
  4.25441981108834726E-003
  4.25441981087196480E-003
  4.25441980802367462E-003
  4.25441977341517539E-003
  4.25441938794317645E-003
  4.25441548483841084E-003
  4.25437991596664105E-003
  4.25409179328514395E-003
  4.25204961873638671E-003
  4.23964277017978199E-003
  4.17682986844548649E-003
  3.92242453053669865E-003
  3.14962856621878000E-003
  1.58463623973389869E-003
  4.25441981110468489E-003
  4.25441981110468315E-003
  4.25441981110468315E-003
  4.25441981110468315E-003
  4.25441981110468315E-003
  4.25441981110468489E-003
  4.25441981110468576E-003
  4.25441981110468402E-003
  4.25441981110468315E-003
  4.25441981110468315E-003
  4.25441981110468315E-003
  4.25441981110468489E-003
  4.25441981110468315E-003
  4.25441981110468315E-003
  4.25441981110468315E-003
  4.25441981110468402E-003
  4.25441981110468315E-003
  4.25441981110468402E-003
  4.25441981110468402E-003
  4.25441981110468402E-003
  4.25441981110468576E-003
  4.25441981110468489E-003
  4.25441981110468402E-003
  4.25441981110468315E-003
  4.25441981110468489E-003
  4.25441981110468315E-003
  4.25441981110468489E-003
  4.25441981110468402E-003
  4.25441981110468402E-003
  4.25441981110468315E-003
  4.25441981110468489E-003
  4.25441981110468315E-003
  4.25441981110468315E-003
  4.25441981110468489E-003
  4.25441981110468402E-003
  4.25441981110468576E-003
  4.25441981110468489E-003
  4.25441981110468489E-003
  4.25441981110468402E-003
  4.25441981110468489E-003
  4.25441981110468489E-003
  4.25441981110468489E-003
  4.25441981110468315E-003
  4.25441981110468315E-003
  4.25441981110468315E-003
  4.25441981110468229E-003
  4.25441981110468402E-003
  4.25441981110468315E-003
  4.25441981110468229E-003
  4.25441981110468402E-003
  4.25441981110468402E-003
  4.25441981110468489E-003
  4.25441981110468402E-003
  4.25441981110468402E-003
  4.25441981110468402E-003
  4.25441981110468402E-003
  4.25441981110468402E-003
  4.25441981110468229E-003
  4.25441981110468229E-003
  4.25441981110468315E-003
  4.25441981110468402E-003
  4.25441981110468489E-003
  4.25441981110468315E-003
  4.25441981110468315E-003
  4.25441981110468576E-003
  4.25441981110468489E-003
  4.25441981110468489E-003
  4.25441981110468402E-003
  4.25441981110468489E-003
  4.25441981110468229E-003
  4.25441981110468402E-003
  4.25441981110468402E-003
  4.25441981110468315E-003
  4.25441981110468229E-003
  4.25441981110468315E-003
  4.25441981110468315E-003
  4.25441981110468402E-003
  4.25441981110468315E-003
  4.25441981110468229E-003
  4.25441981110468402E-003
  4.25441981110468402E-003
  4.25441981110468489E-003
  4.25441981110468402E-003
  4.25441981110468489E-003
  4.25441981110468402E-003
  4.25441981110468315E-003
  4.25441981110468402E-003
  4.25441981110468489E-003
  4.25441981110468402E-003
  4.25441981110468229E-003
  4.25441981110468402E-003
  4.25441981110468489E-003
  4.25441981110468489E-003
  4.25441981110468576E-003
  4.25441981110468489E-003
  4.25441981110468489E-003
  4.25441981110468576E-003
  4.25441981110468489E-003
  4.25441981110468576E-003
  4.25441981110468402E-003
  4.25441981110468402E-003
  4.25441981110468489E-003
  4.25441981110468489E-003
  4.25441981110468576E-003
  4.25441981110468315E-003
  4.25441981110468315E-003
  4.25441981110468576E-003
  4.25441981110468402E-003
  4.25441981110468489E-003
  4.25441981110468489E-003
  4.25441981110468402E-003
  4.25441981110468489E-003
  4.25441981110468402E-003
  4.25441981110468489E-003
  4.25441981110468402E-003
  4.25441981110468402E-003
  4.25441981110468576E-003
  4.25441981110468489E-003
  4.25441981110468402E-003
  4.25441981110468489E-003
  4.25441981110468315E-003
  4.25441981110468662E-003
  4.25441981110468489E-003
  4.25441981110468576E-003
  4.25441981110468576E-003
  4.25441981110468489E-003
  4.25441981110468489E-003
  4.25441981110468402E-003
  4.25441981110468576E-003
  4.25441981110468315E-003
  4.25441981110468402E-003
  4.25441981110468576E-003
  4.25441981110468315E-003
  4.25441981110468402E-003
  4.25441981110468402E-003
  4.25441981110468402E-003
  4.25441981110468489E-003
  4.25441981110468402E-003
  4.25441981110468402E-003
  4.25441981110468489E-003
  4.25441981110468315E-003
  4.25441981110468489E-003
  4.25441981110468402E-003
  4.25441981110468489E-003
  4.25441981110468489E-003
  4.25441981110468402E-003
  4.25441981110468576E-003
  4.25441981110468402E-003
  4.25441981110468576E-003
  4.25441981110468662E-003
  4.25441981110468489E-003
  4.25441981110468489E-003
  4.25441981110468489E-003
  4.25441981110468489E-003
  4.25441981110468576E-003
  4.25441981110468315E-003
  4.25441981110468402E-003
  4.25441981110468229E-003
  4.25441981110468402E-003
  4.25441981110468315E-003
  4.25441981110468315E-003
  4.25441981110468229E-003
  4.25441981110468315E-003
  4.25441981110468489E-003
  4.25441981110468229E-003
  4.25441981110468142E-003
  4.25441981110468402E-003
  4.25441981110467795E-003
  4.25441981110465540E-003
  4.25441981110451055E-003
  4.25441981110367008E-003
  4.25441981109894209E-003
  4.25441981107328466E-003
  4.25441981093942038E-003
  4.25441981026865746E-003
  4.25441980704467128E-003
  4.25441979220117939E-003
  4.25441972683428520E-003
  4.25441945194207551E-003
  4.25441834990559955E-003
  4.25441414613822195E-003
  4.25439891978187951E-003
  4.25434666953606981E-003
  4.25417722058896598E-003
  4.25365930518930083E-003
  4.25217189823323682E-003
  4.24817169227428241E-003
  4.23813548712379407E-003
  4.21474526682976119E-003
  4.16435244251866024E-003
  4.06454522148825062E-003
  3.88397995251747383E-003
  3.58780394611168387E-003
  3.15118478987286461E-003
  2.57870471989124278E-003
  1.91946227717968180E-003
  1.26299395267251034E-003
  7.08691843320993450E-004
  3.21951506693784052E-004
  1.07065012445909923E-004
