1
  4.47254857926388839E-003
  4.47254857926388839E-003
  4.47254857926388926E-003
  4.47254857926389013E-003
  4.47254857926388926E-003
  4.47254857926388753E-003
  4.47254857926388839E-003
  4.47254857926388839E-003
  4.47254857926388926E-003
  4.47254857926388839E-003
  4.47254857926388839E-003
  4.47254857926388839E-003
  4.47254857926388753E-003
  4.47254857926388753E-003
  4.47254857926388839E-003
  4.47254857926388926E-003
  4.47254857926388145E-003
  4.47254857926383635E-003
  4.47254857926345298E-003
  4.47254857926039466E-003
  4.47254857923713289E-003
  4.47254857906810750E-003
  4.47254857789850142E-003
  4.47254857020975161E-003
  4.47254852232565909E-003
  4.47254824067992544E-003
  4.47254668153613914E-003
  4.47253858982384501E-003
  4.47249939475120699E-003
  4.47232310062959694E-003
  4.47159114950441798E-003
  4.46880542750930330E-003
  4.45916711999359144E-003
  4.42915433525149956E-003
  4.34608145166743773E-003
  4.14488499354167487E-003
  3.72721373893214296E-003
  3.00466425275589455E-003
  2.00468591244776792E-003
  9.66739688469543624E-004
  2.48502555760787597E-004
  4.47254857926388926E-003
  4.47254857926388926E-003
  4.47254857926388926E-003
  4.47254857926388839E-003
  4.47254857926388926E-003
  4.47254857926388926E-003
  4.47254857926388926E-003
  4.47254857926388753E-003
  4.47254857926388666E-003
  4.47254857926388666E-003
  4.47254857926388666E-003
  4.47254857926388753E-003
  4.47254857926388666E-003
  4.47254857926388579E-003
  4.47254857926388579E-003
  4.47254857926388666E-003
  4.47254857926388753E-003
  4.47254857926388753E-003
  4.47254857926388753E-003
  4.47254857926388666E-003
  4.47254857926388839E-003
  4.47254857926388839E-003
  4.47254857926388753E-003
  4.47254857926388839E-003
  4.47254857926388839E-003
  4.47254857926388839E-003
  4.47254857926388926E-003
  4.47254857926388926E-003
  4.47254857926388839E-003
  4.47254857926388753E-003
  4.47254857926388839E-003
  4.47254857926388926E-003
  4.47254857926388839E-003
  4.47254857926388753E-003
  4.47254857926388839E-003
  4.47254857926388839E-003
  4.47254857926388753E-003
  4.47254857926388839E-003
  4.47254857926388753E-003
  4.47254857926388839E-003
  4.47254857926388753E-003
  4.47254857926388666E-003
  4.47254857926388492E-003
  4.47254857926388492E-003
  4.47254857926388666E-003
  4.47254857926388666E-003
  4.47254857926388666E-003
  4.47254857926388666E-003
  4.47254857926388666E-003
  4.47254857926388753E-003
  4.47254857926388839E-003
  4.47254857926388753E-003
  4.47254857926388666E-003
  4.47254857926388406E-003
  4.47254857926388406E-003
  4.47254857926388319E-003
  4.47254857926388492E-003
  4.47254857926388492E-003
  4.47254857926388666E-003
  4.47254857926388753E-003
  4.47254857926388926E-003
  4.47254857926388839E-003
  4.47254857926388839E-003
  4.47254857926388926E-003
  4.47254857926388926E-003
  4.47254857926388839E-003
  4.47254857926388839E-003
  4.47254857926388666E-003
  4.47254857926388753E-003
  4.47254857926388753E-003
  4.47254857926388753E-003
  4.47254857926388839E-003
  4.47254857926388666E-003
  4.47254857926388666E-003
  4.47254857926388753E-003
  4.47254857926388839E-003
  4.47254857926388666E-003
  4.47254857926388579E-003
  4.47254857926388666E-003
  4.47254857926388666E-003
  4.47254857926388666E-003
  4.47254857926388839E-003
  4.47254857926388666E-003
  4.47254857926388666E-003
  4.47254857926388753E-003
  4.47254857926388666E-003
  4.47254857926388839E-003
  4.47254857926388753E-003
  4.47254857926388839E-003
  4.47254857926388753E-003
  4.47254857926388666E-003
  4.47254857926388839E-003
  4.47254857926388666E-003
  4.47254857926388926E-003
  4.47254857926388839E-003
  4.47254857926388579E-003
  4.47254857926388753E-003
  4.47254857926388753E-003
  4.47254857926388666E-003
  4.47254857926388666E-003
  4.47254857926388839E-003
  4.47254857926388926E-003
  4.47254857926388666E-003
  4.47254857926388753E-003
  4.47254857926388579E-003
  4.47254857926388579E-003
  4.47254857926388839E-003
  4.47254857926388753E-003
  4.47254857926388753E-003
  4.47254857926388492E-003
  4.47254857926388753E-003
  4.47254857926388753E-003
  4.47254857926388839E-003
  4.47254857926388753E-003
  4.47254857926388839E-003
  4.47254857926388926E-003
  4.47254857926388753E-003
  4.47254857926389100E-003
  4.47254857926388926E-003
  4.47254857926388839E-003
  4.47254857926388839E-003
  4.47254857926388926E-003
  4.47254857926388753E-003
  4.47254857926388839E-003
  4.47254857926388926E-003
  4.47254857926388839E-003
  4.47254857926388839E-003
  4.47254857926388753E-003
  4.47254857926388839E-003
  4.47254857926388839E-003
  4.47254857926388839E-003
  4.47254857926388753E-003
  4.47254857926388839E-003
  4.47254857926388839E-003
  4.47254857926388753E-003
  4.47254857926388753E-003
  4.47254857926388666E-003
  4.47254857926388839E-003
  4.47254857926388926E-003
  4.47254857926388753E-003
  4.47254857926388666E-003
  4.47254857926388753E-003
  4.47254857926388753E-003
  4.47254857926388839E-003
  4.47254857926388753E-003
  4.47254857926387885E-003
  4.47254857926385110E-003
  4.47254857926374528E-003
  4.47254857926336017E-003
  4.47254857926197760E-003
  4.47254857925713945E-003
  4.47254857924059713E-003
  4.47254857918540083E-003
  4.47254857900576848E-003
  4.47254857843571232E-003
  4.47254857667234943E-003
  4.47254857135753834E-003
  4.47254855575529055E-003
  4.47254851116315674E-003
  4.47254838713690133E-003
  4.47254805158687607E-003
  4.47254716894473266E-003
  4.47254491272175685E-003
  4.47253931094370154E-003
  4.47252580942700869E-003
  4.47249423704598574E-003
  4.47242264842857146E-003
  4.47226535017609256E-003
  4.47193064269746539E-003
  4.47124139886724906E-003
  4.46986882477112650E-003
  4.46722746363999081E-003
  4.46231945233995994E-003
  4.45352097016193590E-003
  4.43831711456803626E-003
  4.41301585284206710E-003
  4.37250702377575164E-003
  4.31017241796578712E-003
  4.21808328726107004E-003
  4.08762021288158403E-003
  3.91059372983284040E-003
  3.68082002905923376E-003
  3.39592800703820020E-003
  3.05899121444148069E-003
  2.67946998682117195E-003
  2.27299640958363589E-003
  1.85977725004187345E-003
  1.46178603607797814E-003
  1.09933551681236558E-003
  7.87891069969838174E-004
  5.35966407317427424E-004
  3.44614288661461681E-004
  2.08509654076632000E-004
  1.18134646995180119E-004
  6.23118360753765544E-005
  3.03742858197946721E-005
  1.35418978209790117E-005
  5.43091886747575967E-006
  1.89837797951909923E-006
  5.35471325608386131E-007
