1
  5.19636009165454389E-003
  5.19636009165454129E-003
  5.19636009165452221E-003
  5.19636009165443634E-003
  5.19636009165402781E-003
  5.19636009165215865E-003
  5.19636009164380769E-003
  5.19636009160753375E-003
  5.19636009145449992E-003
  5.19636009082789004E-003
  5.19636008833990193E-003
  5.19636007876994946E-003
  5.19636004314689981E-003
  5.19635991496432501E-003
  5.19635946962921248E-003
  5.19635797769174741E-003
  5.19635316460283908E-003
  5.19633823446529527E-003
  5.19629377390141457E-003
  5.19616689111177584E-003
  5.19582053303832472E-003
  5.19491803861697483E-003
  5.19267841809815858E-003
  5.18739849065245374E-003
  5.17560614024123108E-003
  5.15073193501283926E-003
  5.10134988535062856E-003
  5.00944041001070116E-003
  4.84978330922124917E-003
  4.59225112753857290E-003
  4.20879766032110532E-003
  3.68543194405598689E-003
  3.03604255767147505E-003
  2.31085956260935945E-003
  1.59101701191187699E-003
  9.65793256449316699E-004
  5.00328677901514625E-004
  2.11555695976037045E-004
  6.82325063141310631E-005
  1.48821117639829993E-005
  1.64273482216501585E-006
  5.19636009165454563E-003
  5.19636009165454563E-003
  5.19636009165454476E-003
  5.19636009165454563E-003
  5.19636009165454476E-003
  5.19636009165454649E-003
  5.19636009165454649E-003
  5.19636009165454476E-003
  5.19636009165454302E-003
  5.19636009165454389E-003
  5.19636009165454649E-003
  5.19636009165454476E-003
  5.19636009165454563E-003
  5.19636009165454476E-003
  5.19636009165454736E-003
  5.19636009165454649E-003
  5.19636009165454649E-003
  5.19636009165454649E-003
  5.19636009165454563E-003
  5.19636009165454563E-003
  5.19636009165454736E-003
  5.19636009165454736E-003
  5.19636009165454736E-003
  5.19636009165454649E-003
  5.19636009165454736E-003
  5.19636009165454823E-003
  5.19636009165454910E-003
  5.19636009165454823E-003
  5.19636009165454910E-003
  5.19636009165454910E-003
  5.19636009165454910E-003
  5.19636009165454823E-003
  5.19636009165454736E-003
  5.19636009165454823E-003
  5.19636009165454910E-003
  5.19636009165454736E-003
  5.19636009165454823E-003
  5.19636009165454649E-003
  5.19636009165454649E-003
  5.19636009165454823E-003
  5.19636009165454649E-003
  5.19636009165454823E-003
  5.19636009165454649E-003
  5.19636009165454649E-003
  5.19636009165454736E-003
  5.19636009165454649E-003
  5.19636009165454649E-003
  5.19636009165454476E-003
  5.19636009165454736E-003
  5.19636009165454649E-003
  5.19636009165454910E-003
  5.19636009165454823E-003
  5.19636009165454649E-003
  5.19636009165454736E-003
  5.19636009165454823E-003
  5.19636009165454736E-003
  5.19636009165454823E-003
  5.19636009165454736E-003
  5.19636009165454823E-003
  5.19636009165454910E-003
  5.19636009165454910E-003
  5.19636009165454996E-003
  5.19636009165454996E-003
  5.19636009165454910E-003
  5.19636009165454736E-003
  5.19636009165454736E-003
  5.19636009165454910E-003
  5.19636009165454910E-003
  5.19636009165454736E-003
  5.19636009165454823E-003
  5.19636009165454910E-003
  5.19636009165454736E-003
  5.19636009165454736E-003
  5.19636009165454823E-003
  5.19636009165454736E-003
  5.19636009165454823E-003
  5.19636009165454736E-003
  5.19636009165454736E-003
  5.19636009165454736E-003
  5.19636009165454996E-003
  5.19636009165454910E-003
  5.19636009165455083E-003
  5.19636009165454996E-003
  5.19636009165454910E-003
  5.19636009165454910E-003
  5.19636009165454910E-003
  5.19636009165454823E-003
  5.19636009165454910E-003
  5.19636009165454823E-003
  5.19636009165454736E-003
  5.19636009165454996E-003
  5.19636009165454823E-003
  5.19636009165455083E-003
  5.19636009165454910E-003
  5.19636009165454910E-003
  5.19636009165455083E-003
  5.19636009165455170E-003
  5.19636009165455170E-003
  5.19636009165455170E-003
  5.19636009165455083E-003
  5.19636009165454996E-003
  5.19636009165455257E-003
  5.19636009165454823E-003
  5.19636009165453262E-003
  5.19636009165449012E-003
  5.19636009165437909E-003
  5.19636009165407552E-003
  5.19636009165328015E-003
  5.19636009165120021E-003
  5.19636009164586334E-003
  5.19636009163237413E-003
  5.19636009159885233E-003
  5.19636009151690399E-003
  5.19636009131987930E-003
  5.19636009085398202E-003
  5.19636008977053358E-003
  5.19636008729278467E-003
  5.19636008172076266E-003
  5.19636006939966800E-003
  5.19636004261163440E-003
  5.19635998535035448E-003
  5.19635986501800710E-003
  5.19635961643216768E-003
  5.19635911163877223E-003
  5.19635810409505364E-003
  5.19635612759966441E-003
  5.19635231714200667E-003
  5.19634509818115570E-003
  5.19633165957441179E-003
  5.19630707964551051E-003
  5.19626291064010249E-003
  5.19618494055186769E-003
  5.19604974151380208E-003
  5.19581948333037048E-003
  5.19543434909743810E-003
  5.19480175756953638E-003
  5.19378150810587136E-003
  5.19216596848495748E-003
  5.18965458821342950E-003
  5.18582241381776703E-003
  5.18008297853895378E-003
  5.17164698482388326E-003
  5.15947959363936403E-003
  5.14226080263417359E-003
  5.11835515671086975E-003
  5.08579859791267238E-003
  5.04231123445916286E-003
  4.98534474343319701E-003
  4.91217159503286750E-003
  4.82002001009585335E-003
  4.70625350416279103E-003
  4.56858735713517802E-003
  4.40532711334148085E-003
  4.21560737189139324E-003
  3.99960401425239649E-003
  3.75869097223916837E-003
  3.49551469605434212E-003
  3.21396606530130816E-003
  2.91904020266616068E-003
  2.61658822793210417E-003
  2.31297941998812430E-003
  2.01470512919900728E-003
  1.72796477123785181E-003
  1.45827758682732719E-003
  1.21016080990938202E-003
  9.86905880689621434E-004
  7.90470925598417288E-004
  6.21492259066325757E-004
  4.79402793133454450E-004
  3.62633360148216489E-004
  2.68865719457138147E-004
  1.95304083375932961E-004
  1.38934980259150742E-004
  9.67519627591108196E-005
  6.59303853102261088E-005
  4.39464699518495665E-005
  2.86426956979050473E-005
  1.82472395974827537E-005
  1.13584074118892188E-005
  6.90587409613817932E-006
  4.09962031848938166E-006
  2.37537550839345172E-006
  1.34282483870993514E-006
  7.40341208359120276E-007
  3.97910806365563068E-007
  2.08391914422666301E-007
  1.06290795089156180E-007
  5.27689571356090918E-008
  2.54821705607411786E-008
  1.19596506567813023E-008
  5.44994044259147600E-009
  2.40826524560495380E-009
  1.03021400675361986E-009
  4.25657631936975852E-010
  1.69303525317784372E-010
  6.45011061427736765E-011
  2.33474641606004911E-011
  7.91499635136973235E-012
  2.44153374664785031E-012
  6.37725020879650402E-013
