1
  4.70186104851781292E-003
  4.70186104851781379E-003
  4.70186104851781465E-003
  4.70186104851781465E-003
  4.70186104851781379E-003
  4.70186104851781292E-003
  4.70186104851781292E-003
  4.70186104851781292E-003
  4.70186104851781379E-003
  4.70186104851781379E-003
  4.70186104851780858E-003
  4.70186104851778603E-003
  4.70186104851763598E-003
  4.70186104851671224E-003
  4.70186104851120622E-003
  4.70186104847956400E-003
  4.70186104830453127E-003
  4.70186104737352947E-003
  4.70186104261961259E-003
  4.70186101935638097E-003
  4.70186091046752384E-003
  4.70186042395566786E-003
  4.70185835374704007E-003
  4.70184998503913980E-003
  4.70181793551332008E-003
  4.70170201475230646E-003
  4.70130740128742088E-003
  4.70004802981052565E-003
  4.69629680940349039E-003
  4.68592136689089007E-003
  4.65943157366632832E-003
  4.59743581953737501E-003
  4.46553343676490185E-003
  4.21296106397980787E-003
  3.78306197478017617E-003
  3.14280361338592712E-003
  2.32547405934349508E-003
  1.45599745402372606E-003
  7.16036870477625934E-004
  2.43734054750473152E-004
  4.27594310529220569E-005
  4.70186104851781379E-003
  4.70186104851781465E-003
  4.70186104851781379E-003
  4.70186104851781379E-003
  4.70186104851781292E-003
  4.70186104851781292E-003
  4.70186104851781379E-003
  4.70186104851781292E-003
  4.70186104851781465E-003
  4.70186104851781379E-003
  4.70186104851781379E-003
  4.70186104851781292E-003
  4.70186104851781292E-003
  4.70186104851781379E-003
  4.70186104851781292E-003
  4.70186104851781465E-003
  4.70186104851781379E-003
  4.70186104851781379E-003
  4.70186104851781379E-003
  4.70186104851781379E-003
  4.70186104851781465E-003
  4.70186104851781552E-003
  4.70186104851781379E-003
  4.70186104851781379E-003
  4.70186104851781465E-003
  4.70186104851781639E-003
  4.70186104851781639E-003
  4.70186104851781639E-003
  4.70186104851781552E-003
  4.70186104851781552E-003
  4.70186104851781465E-003
  4.70186104851781726E-003
  4.70186104851781639E-003
  4.70186104851781726E-003
  4.70186104851781552E-003
  4.70186104851781552E-003
  4.70186104851781639E-003
  4.70186104851781379E-003
  4.70186104851781379E-003
  4.70186104851781205E-003
  4.70186104851781292E-003
  4.70186104851781292E-003
  4.70186104851781205E-003
  4.70186104851781292E-003
  4.70186104851781292E-003
  4.70186104851781379E-003
  4.70186104851781379E-003
  4.70186104851781292E-003
  4.70186104851781379E-003
  4.70186104851781379E-003
  4.70186104851781379E-003
  4.70186104851781379E-003
  4.70186104851781465E-003
  4.70186104851781205E-003
  4.70186104851781465E-003
  4.70186104851781465E-003
  4.70186104851781379E-003
  4.70186104851781465E-003
  4.70186104851781465E-003
  4.70186104851781465E-003
  4.70186104851781552E-003
  4.70186104851781639E-003
  4.70186104851781552E-003
  4.70186104851781465E-003
  4.70186104851781552E-003
  4.70186104851781465E-003
  4.70186104851781812E-003
  4.70186104851781552E-003
  4.70186104851781552E-003
  4.70186104851781639E-003
  4.70186104851781552E-003
  4.70186104851781292E-003
  4.70186104851781379E-003
  4.70186104851781465E-003
  4.70186104851781379E-003
  4.70186104851781379E-003
  4.70186104851781379E-003
  4.70186104851781379E-003
  4.70186104851781465E-003
  4.70186104851781552E-003
  4.70186104851781465E-003
  4.70186104851781465E-003
  4.70186104851781465E-003
  4.70186104851781465E-003
  4.70186104851781292E-003
  4.70186104851781465E-003
  4.70186104851781465E-003
  4.70186104851781639E-003
  4.70186104851781465E-003
  4.70186104851781465E-003
  4.70186104851781292E-003
  4.70186104851781379E-003
  4.70186104851781292E-003
  4.70186104851781465E-003
  4.70186104851781552E-003
  4.70186104851781465E-003
  4.70186104851781292E-003
  4.70186104851781552E-003
  4.70186104851781379E-003
  4.70186104851781292E-003
  4.70186104851781465E-003
  4.70186104851781379E-003
  4.70186104851781379E-003
  4.70186104851781379E-003
  4.70186104851781379E-003
  4.70186104851781552E-003
  4.70186104851781379E-003
  4.70186104851781552E-003
  4.70186104851781465E-003
  4.70186104851781552E-003
  4.70186104851781552E-003
  4.70186104851781812E-003
  4.70186104851781726E-003
  4.70186104851781899E-003
  4.70186104851781812E-003
  4.70186104851781639E-003
  4.70186104851781812E-003
  4.70186104851781726E-003
  4.70186104851781726E-003
  4.70186104851781639E-003
  4.70186104851781726E-003
  4.70186104851781465E-003
  4.70186104851781639E-003
  4.70186104851781465E-003
  4.70186104851781292E-003
  4.70186104851781292E-003
  4.70186104851781379E-003
  4.70186104851781118E-003
  4.70186104851780771E-003
  4.70186104851779123E-003
  4.70186104851774266E-003
  4.70186104851759001E-003
  4.70186104851711990E-003
  4.70186104851569395E-003
  4.70186104851144909E-003
  4.70186104849908224E-003
  4.70186104846375286E-003
  4.70186104836482505E-003
  4.70186104809338506E-003
  4.70186104736365629E-003
  4.70186104544193482E-003
  4.70186104048530250E-003
  4.70186102796637476E-003
  4.70186099701023520E-003
  4.70186092208337535E-003
  4.70186074460370550E-003
  4.70186033327765068E-003
  4.70185940076765611E-003
  4.70185733324474889E-003
  4.70185285122961052E-003
  4.70184335359169481E-003
  4.70182368529338708E-003
  4.70178389173743494E-003
  4.70170525317432485E-003
  4.70155350853585646E-003
  4.70126767044173194E-003
  4.70074222749334702E-003
  4.69979991474945430E-003
  4.69815179277945257E-003
  4.69534141677485292E-003
  4.69067083052188746E-003
  4.68310848963814606E-003
  4.67118345341948227E-003
  4.65287646034456825E-003
  4.62552643276035059E-003
  4.58577931093561656E-003
  4.52961267312107507E-003
  4.45247129796810370E-003
  4.34954237484918953E-003
  4.21618200947955143E-003
  4.04847674861204959E-003
  3.84388822092459346E-003
  3.60189272166860008E-003
  3.32450077326318112E-003
  3.01653515154769441E-003
  2.68556744478666651E-003
  2.34146418197545827E-003
  1.99556632267124502E-003
  1.65960444396667643E-003
  1.34451567557947313E-003
  1.05935833863676798E-003
  8.10505626811421228E-004
  6.01242489348760610E-004
  4.31804895159801198E-004
  2.99810908571229067E-004
  2.00962185774428912E-004
  1.29859227414120865E-004
  8.07786967211146035E-005
  4.82988666150341124E-005
  2.77142007620425928E-005
  1.52347617098911186E-005
  8.00709085577008289E-006
  4.01414970599309237E-006
  1.91383766778521495E-006
  8.64358881739413980E-007
  3.67712801912422406E-007
  1.46063855356516227E-007
  5.33638443162492838E-008
  1.74039341911926279E-008
  4.70474056402874144E-009
