1
  5.06806150385912240E-003
  5.06806150385912240E-003
  5.06806150385912153E-003
  5.06806150385911720E-003
  5.06806150385909898E-003
  5.06806150385900878E-003
  5.06806150385855775E-003
  5.06806150385637633E-003
  5.06806150384614667E-003
  5.06806150379959016E-003
  5.06806150359411563E-003
  5.06806150271562911E-003
  5.06806149908088730E-003
  5.06806148454347610E-003
  5.06806142840494911E-003
  5.06806121935952404E-003
  5.06806046975897140E-003
  5.06805788520394741E-003
  5.06804933034402192E-003
  5.06802219367003936E-003
  5.06793985664407299E-003
  5.06770138851246610E-003
  5.06704361523967542E-003
  5.06531997866105019E-003
  5.06104105946458393E-003
  5.05100879701865166E-003
  5.02887098243337462E-003
  4.98307347066322213E-003
  4.89464628628566347E-003
  4.73610403264531060E-003
  4.47371713084189753E-003
  4.07565513620592769E-003
  3.52666240661289772E-003
  2.84522655218155413E-003
  2.09337717232011781E-003
  1.36753071071731534E-003
  7.66893972334113010E-004
  3.52705721581356006E-004
  1.24212329687395449E-004
  2.96733790212664651E-005
  3.59643760086116316E-006
  5.06806150385912327E-003
  5.06806150385912240E-003
  5.06806150385912153E-003
  5.06806150385912153E-003
  5.06806150385912240E-003
  5.06806150385912327E-003
  5.06806150385912327E-003
  5.06806150385912327E-003
  5.06806150385912240E-003
  5.06806150385912153E-003
  5.06806150385912240E-003
  5.06806150385912153E-003
  5.06806150385912153E-003
  5.06806150385912153E-003
  5.06806150385912327E-003
  5.06806150385912414E-003
  5.06806150385912327E-003
  5.06806150385912327E-003
  5.06806150385912240E-003
  5.06806150385912327E-003
  5.06806150385912414E-003
  5.06806150385912327E-003
  5.06806150385912327E-003
  5.06806150385912327E-003
  5.06806150385912414E-003
  5.06806150385912414E-003
  5.06806150385912414E-003
  5.06806150385912414E-003
  5.06806150385912414E-003
  5.06806150385912500E-003
  5.06806150385912500E-003
  5.06806150385912414E-003
  5.06806150385912500E-003
  5.06806150385912500E-003
  5.06806150385912414E-003
  5.06806150385912414E-003
  5.06806150385912414E-003
  5.06806150385912240E-003
  5.06806150385912414E-003
  5.06806150385912414E-003
  5.06806150385912240E-003
  5.06806150385912327E-003
  5.06806150385912414E-003
  5.06806150385912240E-003
  5.06806150385912240E-003
  5.06806150385912414E-003
  5.06806150385912240E-003
  5.06806150385912327E-003
  5.06806150385912327E-003
  5.06806150385912414E-003
  5.06806150385912414E-003
  5.06806150385912327E-003
  5.06806150385912414E-003
  5.06806150385912414E-003
  5.06806150385912327E-003
  5.06806150385912327E-003
  5.06806150385912414E-003
  5.06806150385912327E-003
  5.06806150385912414E-003
  5.06806150385912414E-003
  5.06806150385912587E-003
  5.06806150385912414E-003
  5.06806150385912500E-003
  5.06806150385912500E-003
  5.06806150385912587E-003
  5.06806150385912587E-003
  5.06806150385912414E-003
  5.06806150385912240E-003
  5.06806150385912240E-003
  5.06806150385912414E-003
  5.06806150385912414E-003
  5.06806150385912500E-003
  5.06806150385912414E-003
  5.06806150385912500E-003
  5.06806150385912240E-003
  5.06806150385912153E-003
  5.06806150385912327E-003
  5.06806150385912153E-003
  5.06806150385912414E-003
  5.06806150385912414E-003
  5.06806150385912414E-003
  5.06806150385912414E-003
  5.06806150385912587E-003
  5.06806150385912587E-003
  5.06806150385912587E-003
  5.06806150385912414E-003
  5.06806150385912674E-003
  5.06806150385912587E-003
  5.06806150385912500E-003
  5.06806150385912587E-003
  5.06806150385912153E-003
  5.06806150385912500E-003
  5.06806150385912327E-003
  5.06806150385912414E-003
  5.06806150385912500E-003
  5.06806150385912587E-003
  5.06806150385912587E-003
  5.06806150385912760E-003
  5.06806150385912500E-003
  5.06806150385912674E-003
  5.06806150385912587E-003
  5.06806150385912760E-003
  5.06806150385912847E-003
  5.06806150385912760E-003
  5.06806150385913021E-003
  5.06806150385912934E-003
  5.06806150385912847E-003
  5.06806150385912500E-003
  5.06806150385911980E-003
  5.06806150385910332E-003
  5.06806150385905128E-003
  5.06806150385891597E-003
  5.06806150385854821E-003
  5.06806150385755074E-003
  5.06806150385488881E-003
  5.06806150384792563E-003
  5.06806150383000854E-003
  5.06806150378466460E-003
  5.06806150367187288E-003
  5.06806150339608828E-003
  5.06806150273330768E-003
  5.06806150116781862E-003
  5.06806149753391208E-003
  5.06806148924478835E-003
  5.06806147066585569E-003
  5.06806142975162448E-003
  5.06806134123331115E-003
  5.06806115310279477E-003
  5.06806076035486858E-003
  5.06805995505608259E-003
  5.06805833344216652E-003
  5.06805512685737630E-003
  5.06804890099984192E-003
  5.06803703315373503E-003
  5.06801482488348620E-003
  5.06797403239535836E-003
  5.06790049309080708E-003
  5.06777039150253013E-003
  5.06754454260098953E-003
  5.06715988630305082E-003
  5.06651720897694988E-003
  5.06546398012555198E-003
  5.06377118228982289E-003
  5.06110320881433991E-003
  5.05698041138190162E-003
  5.05073479823049589E-003
  5.04146078389059241E-003
  5.02796477008650693E-003
  5.00871957796813084E-003
  4.98183208425532088E-003
  4.94503440017896295E-003
  4.89570999003101012E-003
  4.83096560657900360E-003
  4.74775724206506940E-003
  4.64307312016200378E-003
  4.51416918324942709E-003
  4.35884323483636416E-003
  4.17572417021975281E-003
  3.96454436399157079E-003
  3.72635829089406310E-003
  3.46367063134941878E-003
  3.18044354342517316E-003
  2.88196542901758427E-003
  2.57458099767467197E-003
  2.26530209861116206E-003
  1.96133719547628409E-003
  1.66959093722856200E-003
  1.39619118255194879E-003
  1.14609764236114019E-003
  9.22834422264544709E-004
  7.28370370725396989E-004
  5.63149766041619987E-004
  4.26255492870963014E-004
  3.15671031446904549E-004
  2.28598686625795144E-004
  1.61790284599095465E-004
  1.11852219982044068E-004
  7.54971838862122458E-005
  4.97274915254120468E-005
  3.19470804561415906E-005
  2.00090031261700799E-005
  1.22115225173832148E-005
  7.25858382009939213E-006
  4.20004191867099519E-006
  2.36454505205453402E-006
  1.29447118713258696E-006
  6.88694185731948747E-007
  3.55843899566447616E-007
  1.78427315193099707E-007
  8.67450329252371539E-008
  4.08451747170432498E-008
  1.86021322871619659E-008
  8.17987623008123332E-009
  3.46462767392167654E-009
  1.40869972786580096E-009
  5.47036805403353677E-010
  2.01225855026385747E-010
  6.91090967287419863E-011
  2.15256845792091148E-011
  5.65631185260878953E-012
