1
  4.36212096138430695E-003
  4.36212096138430695E-003
  4.36212096138430608E-003
  4.36212096138430695E-003
  4.36212096138430695E-003
  4.36212096138430608E-003
  4.36212096138430695E-003
  4.36212096138430695E-003
  4.36212096138430695E-003
  4.36212096138430608E-003
  4.36212096138430695E-003
  4.36212096138430695E-003
  4.36212096138430608E-003
  4.36212096138430695E-003
  4.36212096138430608E-003
  4.36212096138430695E-003
  4.36212096138430695E-003
  4.36212096138430781E-003
  4.36212096138430781E-003
  4.36212096138430608E-003
  4.36212096138429047E-003
  4.36212096138412740E-003
  4.36212096138246207E-003
  4.36212096136624154E-003
  4.36212096121658087E-003
  4.36212095991241403E-003
  4.36212094921609259E-003
  4.36212086697140324E-003
  4.36212027674579526E-003
  4.36211634356846456E-003
  4.36209214961159452E-003
  4.36195572845865347E-003
  4.36125642795038865E-003
  4.35803024878909581E-003
  4.34480022585717780E-003
  4.29732787209913519E-003
  4.15132071530824060E-003
  3.77710133380578352E-003
  3.00979568347992847E-003
  1.82982347307856434E-003
  6.20106140115537596E-004
  4.36212096138430781E-003
  4.36212096138430781E-003
  4.36212096138430695E-003
  4.36212096138430695E-003
  4.36212096138430781E-003
  4.36212096138430695E-003
  4.36212096138430695E-003
  4.36212096138430608E-003
  4.36212096138430521E-003
  4.36212096138430695E-003
  4.36212096138430695E-003
  4.36212096138430608E-003
  4.36212096138430521E-003
  4.36212096138430434E-003
  4.36212096138430521E-003
  4.36212096138430521E-003
  4.36212096138430608E-003
  4.36212096138430608E-003
  4.36212096138430608E-003
  4.36212096138430521E-003
  4.36212096138430695E-003
  4.36212096138430608E-003
  4.36212096138430608E-003
  4.36212096138430521E-003
  4.36212096138430608E-003
  4.36212096138430695E-003
  4.36212096138430781E-003
  4.36212096138430608E-003
  4.36212096138430608E-003
  4.36212096138430695E-003
  4.36212096138430695E-003
  4.36212096138430608E-003
  4.36212096138430695E-003
  4.36212096138430695E-003
  4.36212096138430695E-003
  4.36212096138430608E-003
  4.36212096138430608E-003
  4.36212096138430521E-003
  4.36212096138430695E-003
  4.36212096138430608E-003
  4.36212096138430608E-003
  4.36212096138430521E-003
  4.36212096138430521E-003
  4.36212096138430348E-003
  4.36212096138430434E-003
  4.36212096138430348E-003
  4.36212096138430608E-003
  4.36212096138430521E-003
  4.36212096138430521E-003
  4.36212096138430695E-003
  4.36212096138430781E-003
  4.36212096138430608E-003
  4.36212096138430521E-003
  4.36212096138430434E-003
  4.36212096138430521E-003
  4.36212096138430434E-003
  4.36212096138430348E-003
  4.36212096138430434E-003
  4.36212096138430348E-003
  4.36212096138430521E-003
  4.36212096138430608E-003
  4.36212096138430695E-003
  4.36212096138430695E-003
  4.36212096138430695E-003
  4.36212096138430695E-003
  4.36212096138430695E-003
  4.36212096138430695E-003
  4.36212096138430608E-003
  4.36212096138430608E-003
  4.36212096138430608E-003
  4.36212096138430608E-003
  4.36212096138430434E-003
  4.36212096138430521E-003
  4.36212096138430434E-003
  4.36212096138430608E-003
  4.36212096138430521E-003
  4.36212096138430521E-003
  4.36212096138430434E-003
  4.36212096138430608E-003
  4.36212096138430608E-003
  4.36212096138430695E-003
  4.36212096138430608E-003
  4.36212096138430608E-003
  4.36212096138430608E-003
  4.36212096138430434E-003
  4.36212096138430434E-003
  4.36212096138430608E-003
  4.36212096138430608E-003
  4.36212096138430695E-003
  4.36212096138430695E-003
  4.36212096138430695E-003
  4.36212096138430781E-003
  4.36212096138430781E-003
  4.36212096138430781E-003
  4.36212096138430608E-003
  4.36212096138430695E-003
  4.36212096138430781E-003
  4.36212096138430781E-003
  4.36212096138430695E-003
  4.36212096138430695E-003
  4.36212096138430521E-003
  4.36212096138430608E-003
  4.36212096138430608E-003
  4.36212096138430695E-003
  4.36212096138430695E-003
  4.36212096138430695E-003
  4.36212096138430608E-003
  4.36212096138430434E-003
  4.36212096138430608E-003
  4.36212096138430521E-003
  4.36212096138430521E-003
  4.36212096138430695E-003
  4.36212096138430781E-003
  4.36212096138430781E-003
  4.36212096138430868E-003
  4.36212096138430695E-003
  4.36212096138430608E-003
  4.36212096138430868E-003
  4.36212096138430868E-003
  4.36212096138430781E-003
  4.36212096138430868E-003
  4.36212096138430781E-003
  4.36212096138430868E-003
  4.36212096138430781E-003
  4.36212096138430868E-003
  4.36212096138430695E-003
  4.36212096138430695E-003
  4.36212096138430695E-003
  4.36212096138430695E-003
  4.36212096138430695E-003
  4.36212096138430781E-003
  4.36212096138430695E-003
  4.36212096138430868E-003
  4.36212096138430608E-003
  4.36212096138430608E-003
  4.36212096138430695E-003
  4.36212096138430521E-003
  4.36212096138430695E-003
  4.36212096138430695E-003
  4.36212096138430695E-003
  4.36212096138430695E-003
  4.36212096138430695E-003
  4.36212096138430695E-003
  4.36212096138430781E-003
  4.36212096138430781E-003
  4.36212096138430695E-003
  4.36212096138431041E-003
  4.36212096138430781E-003
  4.36212096138430781E-003
  4.36212096138430781E-003
  4.36212096138430695E-003
  4.36212096138430695E-003
  4.36212096138430608E-003
  4.36212096138430521E-003
  4.36212096138430521E-003
  4.36212096138429654E-003
  4.36212096138426444E-003
  4.36212096138412567E-003
  4.36212096138352372E-003
  4.36212096138103439E-003
  4.36212096137097473E-003
  4.36212096133148809E-003
  4.36212096118098521E-003
  4.36212096062430638E-003
  4.36212095862739506E-003
  4.36212095168459456E-003
  4.36212092830471840E-003
  4.36212085210084966E-003
  4.36212061187688828E-003
  4.36211988003070913E-003
  4.36211772711282610E-003
  4.36211161687589596E-003
  4.36209490183904567E-003
  4.36205087209782551E-003
  4.36193930963832497E-003
  4.36166770497425048E-003
  4.36103312658722708E-003
  4.35961207917128814E-003
  4.35656618629803958E-003
  4.35032642019712174E-003
  4.33812845183674696E-003
  4.31541212063178345E-003
  4.27518407404546379E-003
  4.20757505829695566E-003
  4.09996838886541280E-003
  3.93815008958316257E-003
  3.70881183263512817E-003
  3.40332451437338600E-003
  3.02201882685865968E-003
  2.57750440691308482E-003
  2.09527288504757041E-003
  1.61038562283581416E-003
  1.16049745519368800E-003
  7.77253455281423666E-004
  4.79204894288168043E-004
  2.68981882596673486E-004
  1.35561334020006775E-004
  6.01306524395541062E-005
  2.26719537553682789E-005
  6.69949742719605008E-006
